10003
10010
10014
10015
10018
10021
10024
10027
10031
10032
10033
10034
10036
10040
10043
10044
10048
10049
10051
10061
10062
10065
10069
10077
10078
10079
10081
10082
10083
10084
10085
10091
10096
10097
10098
10121
10123
10128
10129
10131
10132
10135
10139
10141
10153
10154
10155
10160
10162
10163
10167
10173
10176
10178
10179
10189
10190
10192
10199
10200
10204
10210
10212
10213
10214
10217
10218
10219
10221
10226
10227
10228
10230
10233
10235
10243
10245
10248
10250
10251
10252
10253
10255
10256
10257
10258
10261
10263
10264
10270
10272
10276
10277
10279
10282
10285
10287
10291
10292
10302
10303
10304
10307
10310
10312
10316
10318
10319
10320
10327
10330
10351
10355
10356
10358
10362
10370
10371
10374
10376
10377
10378
10379
10382
10389
10394
10399
10400
10403
10407
10408
10411
10419
10421
10422
10426
10429
10434
10442
10444
10445
10446
10448
10449
10450
10461
10473
10474
10475
10477
10478
10479
10483
10486
10491
10495
10500
10504
10506
10507
10508
10509
10512
10513
10514
10515
10516
10517
10519
10520
10535
10545
10559
10560
10561
10563
10567
10568
10569
10573
10574
10576
10577
10581
10587
10588
10589
10590
10594
10597
10603
10608
10611
10613
10614
10615
10619
10621
10622
10631
10638
10645
10655
10656
10657
10658
10659
10660
10665
10666
10670
10679
10680
10681
10684
10685
10688
10694
10695
10696
10699
10700
10702
10704
10705
10711
10713
10714
10719
10724
10725
10728
10729
10730
10734
10735
10737
10750
10751
10752
10753
10756
10759
10763
10767
10768
10770
10772
10775
10776
10779
10780
10781
10782
10784
10788
10791
10792
10798
10800
10802
10804
10806
10809
10813
10814
10825
10830
10831
10832
10833
10835
10836
10837
10839
10842
10843
10844
10845
10847
10848
10850
10851
10853
10854
10856
10857
10858
10860
10861
10862
10863
10865
10866
10867
10868
10869
10870
10871
10872
10873
10874
10875
10876
10877
10879
10880
10881
10882
10883
10884
10885
10886
10887
10888
10889
10890
10892
10893
10896
10897
10900
10901
10903
10904
10905
10906
10910
10911
10912
10913
10914
10916
10918
10920
10921
10923
10927
10928
10929
10930
10931
10932
10933
10935
10940
10941
10942
10945
10947
10949
10950
10951
10952
10954
10957
10958
10959
10962
10966
10967
10970
10972
10973
10974
10975
10976
10977
10978
10982
10983
10987
10989
10990
10991
10993
10995
10996
10998
10999
11004
11005
11011
11013
11016
11019
11020
11021
11023
11027
11029
11030
11032
11033
11034
11037
11038
11040
11041
11042
11046
11047
11048
11052
11056
11057
11059
11061
11062
11063
11064
11065
11066
11070
11071
11072
11076
11077
11078
11079
11080
11083
11087
11091
11092
11093
11094
11095
11098
11099
11100
11103
11104
11111
11112
11113
11114
11115
11117
11118
11119
11120
11121
11124
11125
11127
11128
11130
11132
11135
11136
11137
11139
11141
11143
11145
11146
11147
11148
11149
11154
11156
11159
11160
11161
11163
11164
11168
11170
11172
11173
11176
11177
11178
11179
11180
11181
11182
11183
11190
11191
11192
11198
11200
11201
11203
11204
11205
11209
11212
11217
11218
11219
11220
11224
11225
11226
11227
11234
11235
11236
11237
11239
11240
11241
11242
11246
11247
11248
11249
11250
11252
11255
11256
11258
11259
11261
11262
11263
11264
11265
11267
11268
11269
11271
11273
11275
11276
11277
11280
11281
11283
11284
11286
11289
11290
11291
11292
11294
11298
11318
11330
11333
11335
11339
11340
11342
11343
11344
11345
11346
11347
11348
11349
11351
11353
11354
11355
11358
11359
11360
11362
11363
11364
11376
11379
11380
11383
11385
11386
11387
11388
11390
11391
11392
11393
11397
11398
11400
11406
11407
11409
11411
11412
11413
11415
11420
11427
11429
11430
11437
11442
11443
11447
11448
11450
11451
11453
11456
11458
11463
11470
11477
11486
11487
11488
11489
11490
11492
11495
11498
11502
11505
11506
11507
11511
11514
11517
11520
11525
11526
11527
11528
11539
11541
11545
11546
11548
11551
11557
11558
11560
11563
11564
11565
11566
11570
11576
11588
11591
11592
11593
11595
11597
11598
11599
11600
11602
11605
11606
11607
11609
11610
11611
11612
11613
11614
11615
11616
11618
11622
11633
11636
11637
11640
11645
11646
11647
11648
11649
11651
11652
11655
11656
11658
11665
11668
11670
11671
11672
11676
11677
11680
11681
11682
11683
11684
11685
11694
11699
11700
11703
11705
11706
11709
11713
11723
11729
11742
11747
11752
11770
11778
11808
11816
11825
11832
11833
11838
11842
11849
11858
11880
11888
11890
11895
11899
11902
11906
11922
11929
11940
11955
11959
11966
11996
12006
12007
12013
12028
12055
12061
12074
12093
12094
12104
12106
12108
12111
12117
12132
12133
12145
12146
12147
12150
12151
12152
12153
12154
12155
12157
12158
12166
12170
12181
12192
12193
12199
12219
12240
12242
12244
12245
12247
12272
12286
12297
12300
12301
12302
12305
12310
12312
12334
12345
12349
12350
12353
12356
12357
12359
12368
12370
12377
12379
12387
12401
12418
12424
12425
12439
12444
12447
12448
12457
12476
12478
12493
12507
12513
12514
12515
12520
12523
12529
12531
12533
12534
12535
12536
12537
12538
12543
12544
12545
12546
12548
12550
12551
12552
12556
12557
12558
12560
12561
12563
12564
12565
12566
12572
12576
12578
12580
12581
12582
12586
12587
12590
12592
12593
12596
12597
12598
12599
12604
12605
12606
12607
12608
12612
12614
12616
12617
12625
12634
12637
12638
12639
12640
12641
12642
12645
12646
12651
12652
12653
12655
12656
12657
12659
12660
12661
12662
12663
12664
12665
12666
12667
12668
12669
12670
12672
12673
12675
12676
12681
12683
12684
12688
12689
12690
12692
12694
12695
12696
12699
12705
12706
12707
12716
12719
12727
12732
12733
12734
12737
12741
12743
12745
12747
12748
12752
12754
12755
12756
12760
12761
12763
12764
12765
12769
12773
12775
12776
12779
12781
12782
12786
12787
12789
12790
12791
12792
12795
12796
12798
12799
12803
12804
12805
12806
12807
12809
12810
12811
12812
12813
12814
12815
12816
12817
12818
12819
12820
12821
12823
12824
12826
12827
12828
12829
12831
12835
12836
12837
12838
12839
12840
12841
12842
12845
12846
12847
12851
12852
12853
12854
12858
12859
12860
12863
12864
12867
12868
12869
12870
12872
12874
12875
12880
12881
12882
12885
12886
12887
12888
12889
12890
12891
12892
12893
12894
12897
12898
12903
12904
12905
12906
12908
12910
12911
12913
12915
12917
12918
12922
12924
12925
12926
12927
12933
12935
12948
12967
12991
12994
12995
12999
13008
13009
13010
13014
13030
13046
13065
13067
13070
13075
13101
13145
13163
13170
13173
13180
13185
13194
13195
13201
13204
13207
13208
13215
13222
13228
13240
13241
13245
13259
13268
13271
13284
13285
13292
13297
13307
13309
13315
13328
13333
13335
13341
13342
13345
13346
13347
13349
13350
13352
13353
13354
13359
13363
13365
13366
13368
13372
13376
13377
13378
13379
13381
13382
13383
13384
13388
13392
13394
13395
13396
13397
13398
13399
13400
13402
13410
13411
13413
13416
13422
13423
13431
13446
13447
13454
13455
13462
13472
13475
13476
13478
13479
13481
13484
13494
13503
13505
13507
13510
13513
13518
13519
13522
13523
13527
13529
13532
13535
13540
13543
13544
13547
13556
13557
13559
13564
13565
13569
13572
13573
13575
13576
13578
13579
13581
13584
13588
13589
13590
13594
13601
13603
13604
13605
13613
13616
13618
13619
13621
13622
13623
13628
13629
13630
13632
13634
13638
13645
13646
13647
13651
13653
13654
13655
13658
13659
13660
13661
13669
13673
13677
13680
13685
13687
13688
13691
13694
13702
13705
13706
13710
13711
13712
13716
13718
13721
13724
13727
13728
13729
13735
13742
13744
13745
13746
13747
13748
13749
13753
13754
13755
13758
13760
13768
13770
13774
13777
13780
13781
13783
13784
13786
13787
13788
13789
13790
13791
13792
13793
13794
13795
13796
13797
13799
13800
13801
13802
13803
13804
13805
13806
13807
13808
13809
13811
13812
13813
13814
13816
13817
13818
13819
13820
13821
13822
13827
13828
13829
13830
13831
13832
13833
13834
13835
13836
13837
13838
13839
13840
13841
13842
13843
13844
13845
13846
13847
13848
13849
13851
13852
13853
13855
13856
13857
13858
13862
13863
13865
13866
13868
13870
13872
13874
13875
13876
13877
13879
13883
13884
13885
13886
13887
13889
13890
13891
13892
13893
13894
13895
13896
13897
13898
13899
13900
13901
13902
13903
13904
13905
13906
13909
13911
13914
13916
13917
13918
13920
13921
13922
13923
13924
13925
13926
13927
13928
13929
13930
13931
13932
13933
13934
13935
13936
13937
13938
13939
13940
13941
13943
13944
13945
13946
13947
13948
13950
13951
13953
13954
13955
13956
13957
13958
13959
13960
13961
13962
13963
13964
13965
13966
13967
13968
13970
13971
13972
13973
13974
13975
13976
13977
13978
13979
13980
13981
13982
13983
13984
13985
13986
13987
13988
13989
13990
13992
13993
13994
13996
13998
13999
14000
14001
14002
14003
14004
14005
14006
14007
14008
14009
14011
14012
14013
14014
14016
14017
14018
14019
14020
14021
14022
14025
14030
14031
14032
14033
14035
14036
14037
14038
14040
14041
14042
14044
14045
14046
14048
14051
14052
14053
14054
14055
14056
14057
14058
14059
14061
14062
14064
14065
14066
14067
14069
14072
14073
14076
14077
14078
14079
14080
14081
14083
14085
14086
14088
14089
14090
14093
14094
14095
14096
14097
14099
14102
14105
14106
14108
14109
14110
14112
14114
14116
14117
14118
14119
14121
14122
14123
14124
14126
14127
14131
14132
14133
14134
14135
14136
14137
14138
14139
14141
14142
14144
14145
14146
14147
14148
14149
14150
14151
14152
14153
14154
14155
14156
14157
14158
14159
14160
14162
14163
14164
14165
14167
14168
14169
14170
14172
14174
14175
14176
14177
14178
14179
14180
14181
14182
14183
14184
14186
14187
14188
14189
14190
14191
14194
14195
14196
14197
14198
14199
14200
14201
14202
14203
14204
14205
14206
14207
14208
14209
14210
14212
14213
14214
14215
14216
14217
14218
14219
14220
14221
14222
14223
14224
14225
14226
14227
14228
14229
14230
14231
14233
14235
14237
14238
14239
14240
14243
14245
14246
14248
14249
14252
14256
14257
14258
14259
14263
14264
14269
14272
14275
14276
14277
14278
14279
14280
14281
14282
14283
14284
14285
14287
14288
14289
14291
14293
14296
14297
14298
14303
14305
14312
14313
14315
14316
14318
14319
14323
14326
14327
14330
14334
14336
14337
14338
14342
14345
14349
14351
14352
14356
14358
14359
14360
14361
14364
14365
14366
14367
14368
14369
14371
14372
14373
14377
14380
14381
14382
14384
14385
14387
14388
14389
14391
14394
14395
14397
14400
14403
14404
14405
14406
14407
14408
14409
14412
14415
14417
14418
14419
14420
14421
14423
14424
14425
14426
14427
14428
14431
14432
14433
14435
14436
14440
14445
14447
14451
14455
14456
14457
14460
14463
14464
14467
14469
14471
14472
14473
14478
14480
14481
14484
14485
14492
14494
14495
14498
14501
14502
14503
14504
14505
14507
14508
14512
14513
14517
14521
14524
14526
14527
14528
14529
14531
14532
14533
14541
14546
14549
14550
14551
14553
14558
14560
14561
14562
14563
14564
14565
14566
14570
14572
14574
14575
14576
14577
14578
14580
14582
14583
14587
14597
14598
14600
14601
14611
14623
14625
14629
14631
14632
14633
14634
14636
14637
14638
14647
14650
14651
14653
14654
14655
14657
14661
14664
14665
14667
14669
14674
14675
14676
14679
14680
14681
14683
14684
14691
14692
14693
14694
14696
14699
14701
14703
14708
14711
14714
14715
14717
14720
14723
14724
14725
14726
14733
14741
14742
14749
14750
14755
14770
14773
14774
14775
14776
14777
14778
14779
14780
14782
14783
14785
14786
14787
14790
14797
14799
14800
14806
14807
14808
14809
14810
14811
14812
14813
14814
14815
14816
14817
14818
14819
14821
14822
14823
14824
14825
14826
14827
14828
14829
14830
14831
14832
14833
14834
14835
14836
14837
14838
14839
14840
14841
14842
14843
14844
14845
14846
14847
14854
14855
14858
14859
14860
14861
14862
14863
14864
14865
14866
14867
14868
14869
14871
14872
14873
14874
14875
14876
14877
14878
14879
14880
14881
14882
14883
14884
14889
14890
14891
14892
14893
14894
14895
14896
14897
14898
14899
14900
14901
14902
14903
14904
14905
14906
14908
14910
14912
14913
14914
14915
14916
14917
14918
14919
14920
14921
14922
14923
14924
14925
14926
14927
14928
14929
14930
14931
14932
14933
14934
14935
14936
14937
14938
14939
14940
14941
14942
14943
14944
14945
14946
14947
14948
14949
14950
14951
14953
14954
14955
14956
14957
14958
14961
14962
14963
14964
14992
14993
14994
14995
14996
14997
14998
15000
15002
15003
15004
15005
15006
15007
15008
15009
15010
15011
15012
15014
15015
15018
15019
15020
15022
15023
15025
15026
15027
15028
15030
15032
15035
15037
15038
15039
15040
15041
15042
15045
15046
15047
15048
15049
15050
15051
15055
15057
15058
15059
15061
15062
15063
15066
15067
15068
15071
15072
15073
15074
15075
15076
15077
15078
15079
15080
15081
15082
15083
15084
15086
15087
15088
15089
15090
15091
15092
15093
15094
15095
15096
15097
15098
15100
15101
15102
15103
15104
15105
15107
15108
15110
15111
15112
15115
15116
15118
15120
15125
15126
15129
